Program start time: 2025-04-09 21:39:31
  0%|          | 0/1600 [00:00<?, ?it/s]  7%|▋         | 111/1600 [00:00<00:01, 1103.42it/s] 14%|█▍        | 222/1600 [00:00<00:01, 1073.39it/s] 21%|██        | 330/1600 [00:00<00:01, 1010.93it/s] 27%|██▋       | 432/1600 [00:00<00:01, 960.10it/s]  33%|███▎      | 529/1600 [00:00<00:01, 911.38it/s] 39%|███▉      | 621/1600 [00:00<00:01, 874.82it/s] 44%|████▍     | 709/1600 [00:00<00:01, 836.93it/s] 50%|████▉     | 793/1600 [00:00<00:00, 807.01it/s] 55%|█████▍    | 874/1600 [00:01<00:00, 790.10it/s] 60%|█████▉    | 954/1600 [00:01<00:00, 765.05it/s] 64%|██████▍   | 1031/1600 [00:01<00:00, 752.99it/s] 69%|██████▉   | 1107/1600 [00:01<00:00, 745.84it/s] 74%|███████▍  | 1182/1600 [00:01<00:00, 742.17it/s] 79%|███████▊  | 1257/1600 [00:01<00:00, 736.88it/s] 83%|████████▎ | 1331/1600 [00:01<00:00, 733.28it/s] 88%|████████▊ | 1407/1600 [00:01<00:00, 738.81it/s] 93%|█████████▎| 1488/1600 [00:01<00:00, 758.24it/s] 98%|█████████▊| 1575/1600 [00:01<00:00, 789.20it/s]100%|██████████| 1600/1600 [00:01<00:00, 814.44it/s]
Computational time: 1.97 s / 0.000546 hrs
Input frequency hints of candidate blocks:
[[0.3164 0.4785 0.2051]
 [0.0536 0.7483 0.1981]
 [0.3108 0.1735 0.5157]
 [0.1263 0.4388 0.4349]
 [0.3789 0.3415 0.2796]
 [0.3417 0.1769 0.4814]
 [0.7272 0.1071 0.1657]
 [0.4146 0.1794 0.4061]
 [0.3786 0.2565 0.3649]
 [0.2082 0.3359 0.4559]
 [0.4294 0.5541 0.0165]
 [0.4408 0.0088 0.5504]
 [0.283  0.358  0.359 ]
 [0.3789 0.3681 0.253 ]
 [0.2862 0.6102 0.1037]
 [0.3482 0.3135 0.3383]
 [0.532  0.2828 0.1852]
 [0.57   0.1956 0.2344]
 [0.464  0.3029 0.233 ]
 [0.1823 0.5513 0.2664]
 [0.4121 0.177  0.4109]
 [0.2865 0.6754 0.0381]
 [0.2734 0.3594 0.3672]
 [0.5    0.0113 0.4887]
 [0.751  0.11   0.139 ]
 [0.2915 0.3977 0.3108]
 [0.5701 0.1113 0.3186]
 [0.463  0.1091 0.4279]
 [0.0106 0.6098 0.3796]
 [0.1567 0.4581 0.3852]
 [0.3101 0.3814 0.3085]
 [0.3261 0.6695 0.0045]
 [0.5215 0.414  0.0644]
 [0.4561 0.0659 0.478 ]
 [0.222  0.1921 0.5858]
 [0.4928 0.2409 0.2663]
 [0.3432 0.5329 0.1239]
 [0.2921 0.4529 0.255 ]
 [0.5714 0.0924 0.3362]
 [0.6475 0.2741 0.0784]
 [0.2761 0.2187 0.5052]
 [0.5696 0.1933 0.2371]
 [0.2589 0.1382 0.6029]
 [0.3586 0.4578 0.1837]
 [0.4702 0.1451 0.3847]
 [0.0717 0.7133 0.215 ]
 [0.292  0.3207 0.3873]
 [0.5797 0.1158 0.3045]
 [0.3592 0.2326 0.4082]
 [0.4338 0.4211 0.1451]
 [0.042  0.7488 0.2092]
 [0.2902 0.2984 0.4114]
 [0.248  0.3966 0.3554]
 [0.2962 0.3926 0.3111]
 [0.3859 0.3811 0.233 ]
 [0.2499 0.3745 0.3756]
 [0.428  0.4903 0.0817]
 [0.2592 0.3621 0.3787]
 [0.214  0.6841 0.1019]
 [0.4451 0.117  0.4379]
 [0.4817 0.4108 0.1075]
 [0.0933 0.3834 0.5233]
 [0.5744 0.3594 0.0662]
 [0.1614 0.4952 0.3434]]
Final frequency distribution of candidate blocks:
[[0.32 0.48 0.2 ]
 [0.08 0.72 0.2 ]
 [0.32 0.2  0.48]
 [0.16 0.44 0.4 ]
 [0.36 0.36 0.28]
 [0.32 0.24 0.44]
 [0.72 0.12 0.16]
 [0.44 0.16 0.4 ]
 [0.36 0.32 0.32]
 [0.2  0.36 0.44]
 [0.44 0.56 0.  ]
 [0.44 0.   0.56]
 [0.28 0.36 0.36]
 [0.36 0.4  0.24]
 [0.32 0.6  0.08]
 [0.32 0.32 0.36]
 [0.52 0.28 0.2 ]
 [0.56 0.2  0.24]
 [0.48 0.28 0.24]
 [0.2  0.48 0.32]
 [0.4  0.2  0.4 ]
 [0.28 0.68 0.04]
 [0.28 0.32 0.4 ]
 [0.52 0.   0.48]
 [0.68 0.16 0.16]
 [0.32 0.32 0.36]
 [0.56 0.12 0.32]
 [0.4  0.16 0.44]
 [0.04 0.6  0.36]
 [0.16 0.44 0.4 ]
 [0.32 0.36 0.32]
 [0.32 0.64 0.04]
 [0.52 0.4  0.08]
 [0.36 0.16 0.48]
 [0.24 0.28 0.48]
 [0.48 0.24 0.28]
 [0.36 0.48 0.16]
 [0.28 0.44 0.28]
 [0.52 0.2  0.28]
 [0.6  0.32 0.08]
 [0.24 0.28 0.48]
 [0.56 0.2  0.24]
 [0.28 0.16 0.56]
 [0.36 0.44 0.2 ]
 [0.44 0.16 0.4 ]
 [0.12 0.64 0.24]
 [0.32 0.28 0.4 ]
 [0.56 0.12 0.32]
 [0.36 0.32 0.32]
 [0.4  0.44 0.16]
 [0.08 0.72 0.2 ]
 [0.32 0.36 0.32]
 [0.28 0.36 0.36]
 [0.32 0.4  0.28]
 [0.36 0.44 0.2 ]
 [0.24 0.36 0.4 ]
 [0.4  0.52 0.08]
 [0.24 0.4  0.36]
 [0.2  0.68 0.12]
 [0.4  0.2  0.4 ]
 [0.48 0.4  0.12]
 [0.08 0.48 0.44]
 [0.52 0.4  0.08]
 [0.16 0.48 0.36]]
2-norm error of frequency distribution: 0.00656
Virtual Growth Time:  274.2915599346161
Warning : Boolean fragments skipped - too few arguments
Warning : Boolean fragments skipped - too few arguments
[+] Wrote .geo with advanced boolean diff + line-by-line periodic => ./designs/2d/mesh.geo
[Cmd] gmsh ./designs/2d/mesh.geo -2 -o ./designs/2d/mesh.msh
[+] Generated mesh file with periodic edges => ./designs/2d/mesh.msh
Mesh generation time:  15.661305665969849

[[ 7.32  1.35 -0.02]
 [ 1.35  7.25 -0.05]
 [-0.02 -0.05  1.74]]
2D homogenization time:  122.22938466072083
