Program start time: 2025-04-09 22:13:13
  0%|          | 0/1600 [00:00<?, ?it/s]  7%|▋         | 114/1600 [00:00<00:01, 1132.23it/s] 14%|█▍        | 228/1600 [00:00<00:01, 1093.52it/s] 21%|██        | 338/1600 [00:00<00:01, 1032.81it/s] 28%|██▊       | 442/1600 [00:00<00:01, 972.61it/s]  34%|███▍      | 540/1600 [00:00<00:01, 918.85it/s] 40%|███▉      | 633/1600 [00:00<00:01, 872.60it/s] 45%|████▌     | 721/1600 [00:00<00:01, 845.47it/s] 50%|█████     | 806/1600 [00:00<00:00, 817.88it/s] 56%|█████▌    | 888/1600 [00:01<00:00, 797.56it/s] 60%|██████    | 968/1600 [00:01<00:00, 784.87it/s] 65%|██████▌   | 1047/1600 [00:01<00:00, 775.30it/s] 70%|███████   | 1125/1600 [00:01<00:00, 772.64it/s] 75%|███████▌  | 1204/1600 [00:01<00:00, 776.64it/s] 80%|████████  | 1283/1600 [00:01<00:00, 779.93it/s] 85%|████████▌ | 1363/1600 [00:01<00:00, 783.75it/s] 90%|█████████ | 1443/1600 [00:01<00:00, 788.24it/s] 95%|█████████▌| 1526/1600 [00:01<00:00, 799.85it/s]100%|██████████| 1600/1600 [00:01<00:00, 839.44it/s]
Computational time: 1.91 s / 0.00053 hrs
Input frequency hints of candidate blocks:
[[0.1586 0.423  0.4184]
 [0.0536 0.6292 0.3172]
 [0.382  0.3158 0.3022]
 [0.1257 0.4468 0.4275]
 [0.3892 0.3174 0.2934]
 [0.4007 0.2317 0.3676]
 [0.2371 0.3595 0.4034]
 [0.6282 0.1051 0.2667]
 [0.3698 0.2848 0.3454]
 [0.2023 0.2434 0.5542]
 [0.351  0.4901 0.1589]
 [0.5504 0.3803 0.0694]
 [0.2318 0.4074 0.3607]
 [0.2581 0.5119 0.2301]
 [0.321  0.3339 0.3451]
 [0.3657 0.6091 0.0252]
 [0.4295 0.2247 0.3458]
 [0.1619 0.6107 0.2274]
 [0.3382 0.2046 0.4573]
 [0.4986 0.468  0.0335]
 [0.2624 0.4444 0.2932]
 [0.3079 0.4787 0.2135]
 [0.3423 0.4541 0.2036]
 [0.3528 0.4819 0.1653]
 [0.419  0.2911 0.2898]
 [0.5082 0.0803 0.4115]
 [0.4231 0.2231 0.3538]
 [0.333  0.3626 0.3045]
 [0.5507 0.2767 0.1725]
 [0.0904 0.5216 0.3879]
 [0.1038 0.5568 0.3394]
 [0.2888 0.3752 0.3361]
 [0.1323 0.4216 0.4461]
 [0.6073 0.1861 0.2066]
 [0.0674 0.4303 0.5024]
 [0.5365 0.2684 0.1952]
 [0.011  0.9648 0.0242]
 [0.0126 0.7497 0.2377]
 [0.3673 0.2461 0.3866]
 [0.0265 0.6503 0.3232]
 [0.1922 0.4354 0.3724]
 [0.38   0.3158 0.3042]
 [0.4258 0.1972 0.377 ]
 [0.4333 0.1027 0.464 ]
 [0.0764 0.6312 0.2924]
 [0.3056 0.0153 0.6791]
 [0.2447 0.1225 0.6328]
 [0.2977 0.6164 0.0859]
 [0.2255 0.4155 0.359 ]
 [0.3769 0.3499 0.2732]
 [0.3694 0.0441 0.5865]
 [0.064  0.6076 0.3284]
 [0.078  0.4521 0.4699]
 [0.5042 0.2143 0.2814]
 [0.1494 0.3742 0.4764]
 [0.3934 0.2747 0.3319]
 [0.2126 0.2343 0.5531]
 [0.1658 0.6457 0.1885]
 [0.4312 0.2338 0.3351]
 [0.1948 0.4592 0.346 ]
 [0.3664 0.5102 0.1234]
 [0.2981 0.1019 0.6   ]
 [0.1728 0.5214 0.3057]
 [0.3795 0.3735 0.247 ]]
Final frequency distribution of candidate blocks:
[[0.16 0.44 0.4 ]
 [0.04 0.64 0.32]
 [0.44 0.24 0.32]
 [0.16 0.4  0.44]
 [0.4  0.28 0.32]
 [0.36 0.28 0.36]
 [0.24 0.36 0.4 ]
 [0.56 0.16 0.28]
 [0.36 0.32 0.32]
 [0.24 0.2  0.56]
 [0.36 0.48 0.16]
 [0.56 0.36 0.08]
 [0.2  0.48 0.32]
 [0.28 0.44 0.28]
 [0.24 0.4  0.36]
 [0.4  0.56 0.04]
 [0.4  0.32 0.28]
 [0.2  0.56 0.24]
 [0.28 0.24 0.48]
 [0.52 0.44 0.04]
 [0.28 0.48 0.24]
 [0.28 0.52 0.2 ]
 [0.36 0.44 0.2 ]
 [0.36 0.44 0.2 ]
 [0.36 0.36 0.28]
 [0.48 0.08 0.44]
 [0.4  0.32 0.28]
 [0.28 0.4  0.32]
 [0.48 0.32 0.2 ]
 [0.12 0.48 0.4 ]
 [0.12 0.52 0.36]
 [0.24 0.48 0.28]
 [0.16 0.36 0.48]
 [0.6  0.24 0.16]
 [0.12 0.36 0.52]
 [0.48 0.32 0.2 ]
 [0.04 0.92 0.04]
 [0.08 0.68 0.24]
 [0.4  0.24 0.36]
 [0.   0.72 0.28]
 [0.16 0.52 0.32]
 [0.4  0.32 0.28]
 [0.4  0.2  0.4 ]
 [0.36 0.2  0.44]
 [0.08 0.64 0.28]
 [0.32 0.   0.68]
 [0.24 0.12 0.64]
 [0.28 0.64 0.08]
 [0.24 0.4  0.36]
 [0.32 0.4  0.28]
 [0.4  0.   0.6 ]
 [0.12 0.52 0.36]
 [0.08 0.48 0.44]
 [0.48 0.24 0.28]
 [0.16 0.48 0.36]
 [0.4  0.24 0.36]
 [0.2  0.28 0.52]
 [0.24 0.56 0.2 ]
 [0.4  0.28 0.32]
 [0.2  0.4  0.4 ]
 [0.4  0.48 0.12]
 [0.24 0.2  0.56]
 [0.2  0.48 0.32]
 [0.4  0.36 0.24]]
2-norm error of frequency distribution: 0.00823
Virtual Growth Time:  269.9511308670044
Warning : Boolean fragments skipped - too few arguments
Warning : Boolean fragments skipped - too few arguments
[+] Wrote .geo with advanced boolean diff + line-by-line periodic => ./designs/2d/mesh.geo
[Cmd] gmsh ./designs/2d/mesh.geo -2 -o ./designs/2d/mesh.msh
[+] Generated mesh file with periodic edges => ./designs/2d/mesh.msh
Mesh generation time:  17.46223759651184

[[7.4  1.38 0.05]
 [1.38 7.17 0.07]
 [0.05 0.07 1.9 ]]
2D homogenization time:  74.8783757686615
