Program start time: 2025-04-09 21:29:27
  0%|          | 0/324 [00:00<?, ?it/s] 44%|████▎     | 141/324 [00:00<00:00, 1409.21it/s] 87%|████████▋ | 282/324 [00:00<00:00, 1371.96it/s]100%|██████████| 324/324 [00:00<00:00, 1391.14it/s]
Computational time: 0.234 s / 6.51e-05 hrs
Input frequency hints of candidate blocks:
[[0.1131 0.5165 0.3704]
 [0.5496 0.1995 0.2509]
 [0.0557 0.0603 0.8839]
 [0.1374 0.1225 0.74  ]
 [0.4473 0.3126 0.2401]
 [0.125  0.4087 0.4664]
 [0.1078 0.3688 0.5235]
 [0.4975 0.0436 0.4589]
 [0.4023 0.3601 0.2376]
 [0.6935 0.1472 0.1593]
 [0.265  0.4295 0.3055]
 [0.3874 0.3078 0.3048]
 [0.4003 0.3148 0.2849]
 [0.0263 0.6556 0.3182]
 [0.7497 0.2308 0.0195]
 [0.1001 0.2714 0.6285]
 [0.4365 0.5278 0.0357]
 [0.0033 0.3381 0.6586]
 [0.3172 0.4312 0.2516]
 [0.4695 0.4104 0.1201]
 [0.7879 0.1631 0.049 ]
 [0.537  0.3633 0.0997]
 [0.0574 0.4212 0.5214]
 [0.2095 0.5827 0.2078]
 [0.2599 0.4551 0.2849]
 [0.179  0.4056 0.4154]
 [0.304  0.2796 0.4164]
 [0.3423 0.5442 0.1135]
 [0.0396 0.7843 0.1761]
 [0.4506 0.1401 0.4093]
 [0.3331 0.32   0.3468]
 [0.1932 0.4216 0.3852]
 [0.5436 0.0974 0.3591]
 [0.1419 0.4413 0.4168]
 [0.6001 0.36   0.0399]
 [0.5845 0.0667 0.3489]]
Final frequency distribution of candidate blocks:
[[0.1111 0.5556 0.3333]
 [0.4444 0.3333 0.2222]
 [0.1111 0.2222 0.6667]
 [0.1111 0.2222 0.6667]
 [0.3333 0.3333 0.3333]
 [0.1111 0.3333 0.5556]
 [0.1111 0.3333 0.5556]
 [0.4444 0.     0.5556]
 [0.3333 0.4444 0.2222]
 [0.5556 0.3333 0.1111]
 [0.3333 0.3333 0.3333]
 [0.4444 0.2222 0.3333]
 [0.2222 0.5556 0.2222]
 [0.     0.6667 0.3333]
 [0.7778 0.2222 0.    ]
 [0.1111 0.4444 0.4444]
 [0.3333 0.5556 0.1111]
 [0.     0.3333 0.6667]
 [0.3333 0.3333 0.3333]
 [0.4444 0.4444 0.1111]
 [0.7778 0.2222 0.    ]
 [0.5556 0.3333 0.1111]
 [0.1111 0.4444 0.4444]
 [0.2222 0.5556 0.2222]
 [0.3333 0.3333 0.3333]
 [0.1111 0.5556 0.3333]
 [0.2222 0.3333 0.4444]
 [0.3333 0.5556 0.1111]
 [0.     0.7778 0.2222]
 [0.4444 0.1111 0.4444]
 [0.3333 0.3333 0.3333]
 [0.2222 0.3333 0.4444]
 [0.4444 0.2222 0.3333]
 [0.1111 0.4444 0.4444]
 [0.6667 0.2222 0.1111]
 [0.5556 0.1111 0.3333]]
2-norm error of frequency distribution: 0.0191
Virtual Growth Time:  55.04856729507446
Warning : Boolean fragments skipped - too few arguments
Warning : Boolean fragments skipped - too few arguments
[+] Wrote .geo with advanced boolean diff + line-by-line periodic => ./designs/2d/mesh.geo
[Cmd] gmsh ./designs/2d/mesh.geo -2 -o ./designs/2d/mesh.msh
[+] Generated mesh file with periodic edges => ./designs/2d/mesh.msh
Mesh generation time:  2.5603137016296387

[[ 7.55  1.51 -0.03]
 [ 1.51  7.71 -0.08]
 [-0.03 -0.08  1.95]]
2D homogenization time:  6.944316625595093
