Program start time: 2025-04-09 22:45:28
  0%|          | 0/1600 [00:00<?, ?it/s]  7%|▋         | 117/1600 [00:00<00:01, 1161.17it/s] 15%|█▍        | 234/1600 [00:00<00:01, 1120.81it/s] 22%|██▏       | 347/1600 [00:00<00:01, 1053.83it/s] 28%|██▊       | 453/1600 [00:00<00:01, 993.88it/s]  35%|███▍      | 553/1600 [00:00<00:01, 945.08it/s] 40%|████      | 648/1600 [00:00<00:01, 902.11it/s] 46%|████▌     | 739/1600 [00:00<00:01, 857.76it/s] 52%|█████▏    | 826/1600 [00:00<00:00, 827.97it/s] 57%|█████▋    | 909/1600 [00:01<00:00, 798.40it/s] 62%|██████▏   | 989/1600 [00:01<00:00, 771.35it/s] 67%|██████▋   | 1067/1600 [00:01<00:00, 757.24it/s] 71%|███████▏  | 1143/1600 [00:01<00:00, 748.90it/s] 76%|███████▌  | 1218/1600 [00:01<00:00, 747.04it/s] 81%|████████  | 1295/1600 [00:01<00:00, 751.24it/s] 86%|████████▌ | 1373/1600 [00:01<00:00, 758.75it/s] 91%|█████████ | 1454/1600 [00:01<00:00, 772.38it/s] 96%|█████████▋| 1541/1600 [00:01<00:00, 799.35it/s]100%|██████████| 1600/1600 [00:01<00:00, 837.89it/s]
Computational time: 1.91 s / 0.000531 hrs
Input frequency hints of candidate blocks:
[[0.3256 0.4637 0.2108]
 [0.5116 0.3937 0.0946]
 [0.3066 0.5136 0.1799]
 [0.0166 0.5148 0.4687]
 [0.3479 0.3354 0.3167]
 [0.0587 0.1791 0.7622]
 [0.2458 0.5565 0.1976]
 [0.8473 0.0638 0.0888]
 [0.4743 0.3489 0.1768]
 [0.4243 0.1847 0.391 ]
 [0.1912 0.4187 0.3901]
 [0.466  0.1462 0.3878]
 [0.3672 0.2748 0.3579]
 [0.1875 0.5789 0.2336]
 [0.369  0.3247 0.3063]
 [0.5361 0.3079 0.1561]
 [0.2795 0.4566 0.264 ]
 [0.3612 0.3138 0.3251]
 [0.1856 0.3851 0.4294]
 [0.4249 0.2597 0.3154]
 [0.0432 0.4407 0.5162]
 [0.2066 0.563  0.2305]
 [0.4329 0.5627 0.0044]
 [0.4253 0.0447 0.5301]
 [0.4237 0.3728 0.2035]
 [0.4977 0.3003 0.2019]
 [0.3441 0.1836 0.4723]
 [0.6147 0.2458 0.1395]
 [0.1155 0.8263 0.0581]
 [0.3112 0.6501 0.0387]
 [0.2142 0.1774 0.6084]
 [0.3546 0.1281 0.5173]
 [0.4472 0.4676 0.0852]
 [0.2316 0.5044 0.2641]
 [0.201  0.0709 0.7281]
 [0.5024 0.4428 0.0548]
 [0.4779 0.081  0.4411]
 [0.5417 0.162  0.2962]
 [0.0949 0.6374 0.2677]
 [0.2754 0.3948 0.3298]
 [0.3033 0.4105 0.2862]
 [0.3718 0.4816 0.1466]
 [0.3875 0.2496 0.3629]
 [0.4435 0.0439 0.5127]
 [0.4918 0.2739 0.2344]
 [0.4762 0.1092 0.4146]
 [0.3122 0.3249 0.3628]
 [0.452  0.4515 0.0965]
 [0.3366 0.4563 0.2071]
 [0.6648 0.2061 0.129 ]
 [0.0712 0.6145 0.3143]
 [0.58   0.3529 0.0671]
 [0.4103 0.2844 0.3053]
 [0.8256 0.0717 0.1027]
 [0.1895 0.4701 0.3404]
 [0.4192 0.1907 0.39  ]
 [0.5164 0.1965 0.2871]
 [0.2699 0.0424 0.6877]
 [0.3915 0.494  0.1145]
 [0.514  0.2691 0.2169]
 [0.0224 0.5694 0.4082]
 [0.1247 0.5743 0.301 ]
 [0.3702 0.1858 0.444 ]
 [0.4081 0.2672 0.3247]]
Final frequency distribution of candidate blocks:
[[0.32 0.48 0.2 ]
 [0.48 0.44 0.08]
 [0.32 0.52 0.16]
 [0.04 0.52 0.44]
 [0.36 0.36 0.28]
 [0.08 0.2  0.72]
 [0.24 0.6  0.16]
 [0.84 0.04 0.12]
 [0.48 0.36 0.16]
 [0.4  0.24 0.36]
 [0.16 0.44 0.4 ]
 [0.44 0.2  0.36]
 [0.36 0.28 0.36]
 [0.2  0.56 0.24]
 [0.36 0.32 0.32]
 [0.56 0.28 0.16]
 [0.24 0.52 0.24]
 [0.36 0.36 0.28]
 [0.2  0.36 0.44]
 [0.4  0.32 0.28]
 [0.04 0.48 0.48]
 [0.16 0.68 0.16]
 [0.44 0.56 0.  ]
 [0.4  0.12 0.48]
 [0.44 0.36 0.2 ]
 [0.52 0.28 0.2 ]
 [0.36 0.16 0.48]
 [0.56 0.28 0.16]
 [0.08 0.84 0.08]
 [0.28 0.68 0.04]
 [0.2  0.2  0.6 ]
 [0.36 0.16 0.48]
 [0.4  0.52 0.08]
 [0.24 0.52 0.24]
 [0.2  0.16 0.64]
 [0.52 0.4  0.08]
 [0.44 0.12 0.44]
 [0.52 0.2  0.28]
 [0.12 0.6  0.28]
 [0.28 0.36 0.36]
 [0.32 0.44 0.24]
 [0.36 0.48 0.16]
 [0.4  0.24 0.36]
 [0.48 0.   0.52]
 [0.44 0.32 0.24]
 [0.4  0.2  0.4 ]
 [0.32 0.28 0.4 ]
 [0.48 0.4  0.12]
 [0.36 0.4  0.24]
 [0.68 0.24 0.08]
 [0.08 0.6  0.32]
 [0.56 0.36 0.08]
 [0.44 0.24 0.32]
 [0.8  0.08 0.12]
 [0.2  0.44 0.36]
 [0.4  0.24 0.36]
 [0.52 0.24 0.24]
 [0.24 0.04 0.72]
 [0.4  0.48 0.12]
 [0.44 0.36 0.2 ]
 [0.   0.6  0.4 ]
 [0.12 0.56 0.32]
 [0.4  0.16 0.44]
 [0.44 0.24 0.32]]
2-norm error of frequency distribution: 0.00632
Virtual Growth Time:  243.87072944641113
Warning : Boolean fragments skipped - too few arguments
Warning : Boolean fragments skipped - too few arguments
[+] Wrote .geo with advanced boolean diff + line-by-line periodic => ./designs/2d/mesh.geo
[Cmd] gmsh ./designs/2d/mesh.geo -2 -o ./designs/2d/mesh.msh
[+] Generated mesh file with periodic edges => ./designs/2d/mesh.msh
Mesh generation time:  17.63816809654236

[[3.83 0.72 0.01]
 [0.72 3.71 0.03]
 [0.01 0.03 0.66]]
2D homogenization time:  51.50394368171692
